
  ___byte[0]_______          ______byte[1]______
 /                 \        /                   \  
|                   |       |                    |
15 14 13 12 11 10 9 8       7  6  5  4  3  2  1  0
                   


shiftbits = 16 - 9 = 7


return 15 14 13 12 11 10 9 8 7 



mask = (1 << shiftbits) - 1


15 14 13 12 11 10 9 8       7  6  5  4  3  2  1  0
                            1                       (1 << shiftbits)
                            0  1  1  1  1  1  1  1  (1 << shiftbits) - 1

